0 390 448
3 311 776
6 813 741
9 71 470
12 965 557
15 506 380
18 558 476
21 513 865
24 383 968
27 172 433
30 593 157
33 203 719
36 697 612
39 828 354
42 797 35
45 617 996
48 336 333
51 22 255
54 236 239
57 560 341
60 612 328
63 270 834
66 404 23
69 935 97
72 140 919
75 726 502
78 780 565
81 413 821
84 12 658
87 979 838
90 651 444
93 529 495
96 829 27
99 654 656
102 439 180
105 7 857
108 943 220
111 708 285
114 996 460
117 325 565
120 491 786
123 604 848
126 602 936
129 839 123
132 84 114
135 744 630
138 617 717
141 958 760
144 244 26
147 857 832
150 35 939
153 200 708
156 934 977
159 212 291
162 393 35
165 126 565
168 782 622
171 857 982
174 769 595
177 464 697
180 839 746
183 257 353
186 833 931
189 946 850
192 985 816
195 22 834
198 181 744
201 637 429
204 312 657
207 608 63
210 428 497
213 814 138
216 96 7
219 181 660
222 764 402
225 652 901
228 191 955
231 20 609
234 968 125
237 272 285
240 965 515
243 148 571
246 91 598
249 927 841
252 96 837
255 89 682
258 279 577
261 369 68
264 858 819
267 910 668
270 469 801
273 669 938
276 713 108
279 959 327
282 917 906
285 40 178
288 334 764
291 962 713
294 789 456
297 438 734
300 388 68
303 392 572
306 292 724
309 978 136
312 686 248
315 256 851
318 55 111
321 459 673
324 545 115
327 731 353
330 743 314
333 514 604
336 454 870
339 287 851
342 122 643
345 195 812
348 410 576
351 231 216
354 49 95
357 2 619
360 495 63
363 805 397
366 110 81
369 668 693
372 563 257
375 277 303
378 880 929
381 206 230
384 129 194
387 658 903
390 19 530
393 34 874
396 797 219
399 976 130
402 694 782
405 188 44
408 845 132
411 259 371
414 29 686
417 919 622
420 796 270
423 630 647
426 573 230
429 210 191
432 79 798
435 191 774
438 997 455
441 998 261
444 135 690
447 587 80
450 500 307
453 127 185
456 551 182
459 430 491
462 642 170
465 337 687
468 87 669
471 971 63
474 578 210
477 795 213
480 674 332
483 704 259
486 921 898
489 985 538
492 753 972
495 791 553
498 693 348
501 971 317
504 530 821
507 481 170
510 101 352
513 321 528
516 9 328
519 931 28
522 110 233
525 235 995
528 905 178
531 82 202
534 15 900
537 653 435
540 762 39
543 514 475
546 521 731
549 392 714
552 903 803
555 424 787
558 16 167
561 573 261
564 33 312
567 150 660
570 32 146
573 901 827
576 613 841
579 895 906
582 117 741
585 564 36
588 345 815
591 561 183
594 580 663
597 792 404
600 353 544
603 856 229
606 831 469
609 365 795
612 938 955
615 83 819
618 309 636
621 595 473
624 971 591
627 269 785
630 191 860
633 584 214
636 295 375
639 549 644
642 377 218
645 770 167
648 722 890
651 959 667
654 468 75
657 71 394
660 482 184
663 52 446
666 702 847
669 140 291
672 205 352
675 1 275
678 82 25
681 537 325
684 810 398
687 85 922
690 160 71
693 831 786
696 867 132
699 738 591
702 201 62
705 937 489
708 310 108
711 557 159
714 711 232
717 213 615
720 576 849
723 929 991
726 531 764
729 99 141
732 528 875
735 197 902
738 983 484
741 347 549
744 760 274
747 520 92
750 798 322
753 108 741
756 128 838
759 827 103
762 777 670
765 434 375
768 607 994
771 551 133
774 426 27
777 950 45
780 821 58
783 18 258
786 32 542
789 770 1
792 841 548
795 689 392
798 898 350
801 900 360
804 107 570
807 628 35
810 721 825
813 702 980
816 558 531
819 890 142
822 318 120
825 173 461
828 332 670
831 712 672
834 192 638
837 94 942
840 625 181
843 687 631
846 652 301
849 325 661
852 559 915
855 317 678
858 449 753
861 786 436
864 156 926
867 615 611
870 174 869
873 904 549
876 766 354
879 656 304
882 872 208
885 568 681
888 547 414
891 253 894
894 597 281
897 866 882
900 845 475
903 151 310
906 890 765
909 154 729
912 574 509
915 408 440
918 391 47
921 230 141
924 932 380
927 872 511
930 74 717
933 656 535
936 69 765
939 917 495
942 801 898
945 502 247
948 541 677
951 838 611
954 198 539
957 68 444
960 652 867
963 583 242
966 51 48
969 341 932
972 29 598
975 709 820
978 715 893
981 249 580
984 34 549
987 743 511
990 239 59
993 983 279
996 857 844
999 347 758
1002 196 476
1005 915 648
1008 383 483
1011 954 3
1014 429 804
1017 924 913
1020 190 643
1023 769 144
1026 197 214
1029 129 653
1032 264 641
1035 322 564
1038 429 20
1041 349 362
1044 296 535
1047 961 769
1050 73 313
1053 799 14
1056 635 630
1059 950 986
1062 758 967
1065 820 66
1068 270 386
1071 91 254
1074 231 644
1077 678 604
1080 417 496
1083 18 849
1086 315 680
1089 713 557
1092 573 114
1095 583 96
1098 329 985
1101 372 191
1104 129 510
1107 990 891
1110 228 323
1113 918 296
1116 886 644
1119 582 496
1122 907 613
1125 843 793
1128 86 414
1131 455 422
1134 403 132
1137 279 666
1140 782 585
1143 292 473
1146 972 733
1149 927 439
1152 669 650
1155 93 263
1158 256 469
1161 305 627
1164 710 129
1167 696 765
1170 14 261
1173 345 846
1176 154 56
1179 267 729
1182 144 460
1185 618 539
1188 804 670
1191 151 10
1194 967 462
1197 729 500
1200 617 538
1203 753 143
1206 985 738
1209 668 633
1212 1 652
1215 366 720
1218 613 916
1221 143 652
1224 395 212
1227 87 387
1230 567 785
1233 193 648
1236 979 135
1239 257 534
1242 925 357
1245 609 722
1248 623 519
1251 54 985
1254 49 366
1257 941 130
1260 407 582
1263 182 259
1266 856 833
1269 144 615
1272 328 816
1275 791 222
1278 161 566
1281 135 890
1284 18 374
1287 52 191
1290 60 739
1293 793 442
1296 599 934
1299 37 804
1302 579 921
1305 204 117
1308 995 545
1311 826 232
1314 62 178
1317 168 158
1320 317 215
1323 992 543
1326 12 146
1329 262 659
1332 169 236
1335 877 282
1338 373 179
1341 994 605
1344 952 513
1347 321 588
1350 463 970
1353 836 959
1356 544 381
1359 749 418
1362 34 264
1365 157 469
1368 928 682
1371 781 681
1374 188 550
1377 360 153
1380 628 103
1383 777 365
1386 110 854
1389 750 643
1392 55 17
1395 971 956
1398 852 7
1401 910 829
1404 88 346
1407 103 740
1410 629 35
1413 637 504
1416 525 187
1419 723 769
1422 366 534
1425 704 942
1428 213 219
1431 557 595
1434 451 160
1437 5 600
1440 978 127
1443 612 63
1446 924 623
1449 846 396
1452 703 568
1455 923 735
1458 586 804
1461 432 241
1464 130 410
1467 100 771
1470 725 879
1473 832 779
1476 268 271
1479 87 323
1482 456 571
1485 951 511
1488 469 589
1491 803 755
1494 889 930
1497 306 763
1500 546 751
1503 555 275
1506 590 237
1509 625 177
1512 520 10
1515 400 771
1518 70 944
1521 570 664
1524 837 217
1527 860 935
1530 267 753
1533 115 22
1536 173 603
1539 652 983
1542 248 233
1545 350 656
1548 150 127
1551 339 538
1554 598 588
1557 768 79
1560 581 139
1563 66 499
1566 225 462
1569 309 157
1572 75 367
1575 795 954
1578 549 920
1581 692 274
1584 118 466
1587 682 454
1590 303 954
1593 828 862
1596 959 662
1599 536 224
1602 408 182
1605 348 988
1608 911 212
1611 486 117
1614 660 587
1617 525 944
1620 912 707
1623 293 377
1626 188 444
1629 136 21
1632 436 464
1635 955 541
1638 914 802
1641 37 916
1644 119 512
1647 515 29
1650 480 155
1653 494 468
1656 675 920
1659 235 248
1662 378 191
1665 555 647
1668 972 483
1671 546 276
1674 238 721
1677 994 10
1680 347 11
1683 436 441
1686 510 200
1689 612 44
1692 520 720
1695 178 361
1698 11 439
1701 943 107
1704 701 499
1707 570 262
1710 50 414
1713 624 890
1716 734 31
1719 87 638
1722 116 275
1725 994 608
1728 380 43
1731 610 578
1734 348 955
1737 684 347
1740 86 179
1743 643 312
1746 251 992
1749 250 268
1752 840 246
1755 175 805
1758 393 462
1761 116 611
1764 950 849
1767 601 465
1770 50 122
1773 383 676
1776 854 661
1779 354 266
1782 19 182
1785 273 240
1788 312 830
1791 173 876
1794 78 290
1797 249 92
1800 563 285
1803 150 584
1806 812 651
1809 99 626
1812 306 934
1815 977 113
1818 772 380
1821 512 695
1824 607 17
1827 54 612
1830 207 476
1833 939 143
1836 57 120
1839 361 421
1842 818 56
1845 768 743
1848 815 587
1851 256 397
1854 276 711
1857 103 443
1860 345 357
1863 615 890
1866 470 126
1869 676 142
1872 969 463
1875 971 676
1878 702 336
1881 685 419
1884 584 701
1887 554 408
1890 315 252
1893 589 919
1896 122 229
1899 409 414
1902 457 329
1905 138 325
1908 621 93
1911 984 901
1914 977 512
1917 195 117
1920 995 935
1923 862 874
1926 656 837
1929 101 558
1932 847 389
1935 541 358
1938 257 308
1941 657 592
1944 934 919
1947 424 716
1950 113 947
1953 976 602
1956 124 101
1959 422 141
1962 224 121
1965 757 219
1968 937 602
1971 845 641
1974 88 552
1977 767 622
1980 34 368
1983 477 76
1986 740 614
1989 548 16
1992 239 758
1995 4 67
1998 719 814
2001 667 237
2004 939 650
2007 197 840
2010 932 580
2013 4 671
2016 976 752
2019 520 334
2022 650 728
2025 901 930
2028 358 639
2031 68 119
2034 97 247
2037 178 978
2040 405 257
2043 988 955
2046 353 280
2049 321 639
2052 164 902
2055 811 61
2058 559 418
2061 364 695
2064 197 936
2067 339 391
2070 632 705
2073 259 996
2076 93 731
2079 999 512
2082 962 966
2085 762 294
2088 290 604
2091 840 871
2094 830 343
2097 128 726
2100 72 738
2103 554 538
2106 500 176
2109 144 140
2112 818 358
2115 215 738
2118 220 591
2121 284 717
2124 866 650
2127 619 726
2130 598 437
2133 30 565
2136 592 182
2139 396 839
2142 86 452
2145 635 237
2148 532 841
2151 313 779
2154 527 773
2157 863 360
2160 666 521
2163 403 444
2166 6 185
2169 507 817
2172 200 83
2175 865 889
2178 464 730
2181 689 175
2184 450 333
2187 856 203
2190 810 550
2193 266 297
2196 666 20
2199 623 402
2202 490 108
2205 842 333
2208 906 112
2211 609 634
2214 747 149
2217 192 528
2220 299 858
2223 448 261
2226 36 42
2229 131 544
2232 298 378
2235 23 654
2238 328 372
2241 103 232
2244 770 792
2247 978 739
2250 261 926
2253 36 43
2256 18 149
2259 359 638
2262 373 431
2265 241 532
2268 91 641
2271 282 953
2274 882 692
2277 399 627
2280 969 878
2283 803 517
2286 739 998
2289 905 629
2292 477 213
2295 382 672
2298 933 928
2301 127 106
2304 24 369
2307 621 406
2310 248 938
2313 341 150
2316 517 893
2319 164 895
2322 979 352
2325 396 667
2328 44 158
2331 943 279
2334 298 644
2337 385 652
2340 172 951
2343 159 733
2346 261 129
2349 857 642
2352 966 874
2355 672 161
2358 675 460
2361 361 781
2364 73 75
2367 707 58
2370 288 534
2373 350 193
2376 458 68
2379 28 375
2382 47 714
2385 733 604
2388 657 624
2391 3 449
2394 66 469
2397 616 403
2400 635 17
2403 214 306
2406 657 839
2409 6 587
2412 597 103
2415 516 920
2418 573 323
2421 521 276
2424 351 0
2427 720 217
2430 702 97
2433 391 743
2436 67 369
2439 291 932
2442 673 676
2445 278 150
2448 545 547
2451 744 585
2454 907 398
2457 713 434
2460 311 47
2463 625 190
2466 473 364
2469 171 23
2472 169 159
2475 254 480
2478 787 716
2481 79 341
2484 35 679
2487 631 729
2490 115 373
2493 290 280
2496 164 2
2499 170 483
2502 104 608
2505 801 83
2508 111 90
2511 171 777
2514 822 98
2517 765 336
2520 21 74
2523 181 630
2526 14 322
2529 67 4
2532 104 480
2535 673 914
2538 572 438
2541 6 696
2544 390 346
2547 684 894
2550 405 13
2553 872 621
2556 106 732
2559 329 7
2562 222 246
2565 444 907
2568 275 369
2571 360 707
2574 923 547
2577 701 227
2580 396 456
2583 164 434
2586 573 619
2589 278 940
2592 278 865
2595 874 16
2598 199 407
2601 460 158
2604 408 241
2607 494 94
2610 866 545
2613 728 469
2616 419 777
2619 203 362
2622 758 197
2625 174 217
2628 525 636
2631 252 701
2634 239 390
2637 288 565
2640 19 305
2643 97 517
2646 122 247
2649 927 760
2652 175 358
2655 705 862
2658 604 735
2661 485 301
2664 154 406
2667 166 133
2670 607 805
2673 558 946
2676 762 215
2679 41 441
2682 482 62
2685 639 763
2688 167 268
2691 95 942
2694 310 337
2697 618 640
2700 897 255
2703 334 712
2706 269 789
2709 135 976
2712 754 260
2715 493 981
2718 785 422
2721 70 476
2724 453 638
2727 399 786
2730 449 145
2733 689 239
2736 115 849
2739 863 362
2742 913 743
2745 255 593
2748 938 733
2751 11 841
2754 245 404
2757 122 364
2760 665 999
2763 210 69
2766 464 673
2769 601 513
2772 679 928
2775 13 618
2778 217 957
2781 140 338
2784 825 531
2787 768 292
2790 848 969
2793 592 691
2796 326 680
2799 804 716
2802 293 736
2805 616 881
2808 360 963
2811 366 800
2814 560 49
2817 490 224
2820 173 265
2823 694 166
2826 746 485
2829 875 422
2832 804 323
2835 916 841
2838 814 380
2841 310 215
2844 792 774
2847 655 790
2850 615 380
2853 482 989
2856 437 432
2859 530 91
2862 867 455
2865 548 302
2868 488 814
2871 934 848
2874 65 495
2877 41 495
2880 334 157
2883 772 122
2886 545 873
2889 166 845
2892 63 439
2895 57 471
2898 183 612
2901 488 950
2904 977 146
2907 530 914
2910 440 12
2913 330 276
2916 408 805
2919 708 371
2922 727 891
2925 393 76
2928 943 524
2931 26 906
2934 323 803
2937 397 103
2940 398 45
2943 984 346
2946 306 871
2949 768 827
2952 143 72
2955 449 72
2958 227 101
2961 664 80
2964 616 865
2967 535 68
2970 503 330
2973 874 332
2976 141 369
2979 715 537
2982 736 153
2985 366 35
2988 382 366
2991 74 648
2994 450 492
2997 535 732