0 737 953
3 953 935
6 780 894
9 296 547
12 665 707
15 29 87
18 861 380
21 183 737
24 604 363
27 355 865
30 377 350
33 755 225
36 796 919
39 95 485
42 903 477
45 987 877
48 71 879
51 680 302
54 233 568
57 0 867
60 876 50
63 134 420
66 314 73
69 452 347
72 90 902
75 909 578
78 932 706
81 711 474
84 628 158
87 808 42
90 310 8
93 499 682
96 133 589
99 861 534
102 32 900
105 18 315
108 294 169
111 245 424
114 946 566
117 754 20
120 565 58
123 593 715
126 959 206
129 441 502
132 325 98
135 294 553
138 888 502
141 907 547
144 771 750
147 632 285
150 773 836
153 774 421
156 66 685
159 852 300
162 309 604
165 242 35
168 540 452
171 517 173
174 318 170
177 409 504
180 962 928
183 743 857
186 411 290
189 878 976
192 197 481
195 155 932
198 250 63
201 600 855
204 749 41
207 678 154
210 82 737
213 189 817
216 998 528
219 496 830
222 440 925
225 174 218
228 163 311
231 778 741
234 180 53
237 920 796
240 266 662
243 29 655
246 262 103
249 178 793
252 647 372
255 154 646
258 940 975
261 497 862
264 796 994
267 585 751
270 257 27
273 968 406
276 561 385
279 67 707
282 22 608
285 20 212
288 998 502
291 961 769
294 672 661
297 242 521