0 535 535
3 542 63
6 428 18
9 975 875
12 751 35
15 469 379
18 164 271
21 746 704
24 627 162
27 135 531
30 995 544
33 241 832
36 323 106
39 171 167
42 253 836
45 961 36
48 541 901
51 397 903
54 388 713
57 350 358
60 732 471
63 55 313
66 87 136
69 521 270
72 814 611
75 414 478
78 940 887
81 270 214
84 776 58
87 902 536
90 619 381
93 185 587
96 752 43
99 203 938
102 830 865
105 903 516
108 463 963
111 992 384
114 511 291
117 800 999
120 113 76
123 226 625
126 20 371
129 684 236
132 112 361
135 184 603
138 305 585
141 281 252
144 247 934
147 664 629
150 280 167
153 565 122
156 154 664
159 20 558
162 919 332
165 235 397
168 198 895
171 970 167
174 783 271
177 896 551
180 150 402
183 343 200
186 980 670
189 726 540
192 248 989
195 189 769
198 795 793
201 705 799
204 513 362
207 940 93
210 482 380
213 684 263
216 440 184
219 538 761
222 939 886
225 864 243
228 426 447
231 701 984
234 284 833
237 465 233
240 536 558
243 771 550
246 540 299
249 658 990
252 487 785
255 798 425
258 938 792
261 46 468
264 949 959
267 803 213
270 562 61
273 244 425
276 542 570
279 385 946
282 341 581
285 373 800
288 122 659
291 106 881
294 611 761
297 503 190