1545 1626
1545 2262
1545 30
1545 804
1545 315
1545 1296
1545 1197
1545 2589
1545 2259
1545 1515
1545 2769
1545 2115
1545 2670
1545 1860
1545 2877
1545 345
1545 432
1545 1428
1545 2949
1545 999
1545 2097
1545 1221
1545 246
1545 2475
1545 1329
1545 2523
1545 1383
1545 99
1545 1140
1545 2568
1545 588
1545 648
1545 231
1545 1161
1545 120
1545 1422
1545 1695
1545 45
1545 1707
1545 1830
1545 2829
1545 1251
1545 1779
1545 2541
1545 978
1545 1488
1545 2505
1545 1893
1545 381
1545 2334
1545 1875
1545 1239
1545 1620
1545 2229
1545 576
1545 348
1545 2754
1545 945
1545 678
1545 1464
1545 2841
1545 2724
1545 858
1545 834
1545 828
1545 402
1545 726
1545 2193
1545 1791
1545 2571
1545 1767
1545 2889
1545 1794
1545 1788
1545 891
1545 465
1545 732
1545 144
1545 2487
1545 2577
1545 2616
1545 270
1545 135
1545 243
1545 984
1545 1056
1545 738
1545 1098
1545 1575
1545 1386
1545 504
1545 879
1545 2019
1545 1974
1545 174
1545 27
1545 2784
1545 2802
1545 1014
1545 873
1545 1728
1545 1647
1545 1260
1545 2235
1545 1284
1545 393
1545 1431
1545 849
1545 2601
1545 2058
1545 741
1545 1086
1545 2064
1545 33
1545 957
1545 2856
1545 1530
1545 1467
1545 894
1545 2112
1545 1173
1545 177
1545 2394
1545 375
1545 1389
1545 1233
1545 1509
1545 1113
1545 948
1545 1821
1545 600
1545 2598
1545 438
1545 2295
1545 2637
1545 1311
1545 48
1545 105
1545 2199
1545 2277
1545 2280
1545 2997
1545 411
1545 2133
1545 336
1545 1371
1545 2565
1545 288
1545 609
1545 513
1545 459
1545 258
1545 2403
1545 153
1545 2955
1545 1611
1545 2451
1545 1758
1545 2592
1545 2688
1545 297
1545 2664
1545 1602
1545 1122
1545 543
1545 867
1545 1929
1545 1656
1545 933
1545 1449
1545 1212
1545 2685
1545 618
1545 603
1545 1881
1545 1773
1545 2442
1545 2811
1545 2367
1545 2895
1545 1839
1545 1905
1545 681
1545 1674
1545 2232
1545 1146
1545 15
1545 2634
1545 693
1545 2028
1545 2796
1545 282
1545 474
1545 2544
1545 2874
1545 306
1545 1272
1545 2472
1545 1077
1545 2709
1545 2715
1545 2631
1545 1050
1545 885
1545 2526
1545 2550
1545 2061
1545 1746
1545 1851
1545 72
1545 93
1545 2415
1545 996
1545 66
1545 2976
1545 2076
1545 2034
1545 507
1545 2484
1545 621
1545 1182
1545 2049
1545 2583
1545 1605
1545 876
1545 1104
1545 546
1545 1083
1545 888
1545 1980
1545 3
1545 1884
1545 420
1545 1368
1545 1785
1545 2607
1545 2379
1545 954
1545 753
1545 2157
1545 1869
1545 1497
1545 303
1545 1890
1545 1281
1545 2178
1545 1956
1545 1524
1545 2847
1545 1347
1545 2994
1545 162
1545 522
1545 2313
1545 2535
1545 1518
1545 1749
1545 615
1545 1653
1545 1947
1545 1452
1545 2373
1545 1227
1545 1215
1545 735
1545 180
1545 768
1545 810
1545 1761
1545 2043
1545 36
1545 1671
1545 18
1545 870
1545 498
1545 2712
1545 0
1545 2466
1545 2892
1545 1899
1545 1002
1545 1812
1545 555
1545 2238
1545 2457
1545 357
1545 771
1545 1437
1545 2907
1545 1926
1545 2088
1545 1248
1545 1536
1545 2493
1545 1353
1545 1035
1545 663
1545 2580
1545 2868
1545 549
1545 2127
1545 405
1545 2337
1545 2418
1545 435
1545 915
1545 1635
1545 1578
1545 1131
1545 2979
1545 2973
1545 1854
1545 972
1545 333
1545 1551
1545 1815
1545 1266
1545 1659
1545 2667
1545 189
1545 1887
1545 2007
1545 60
1545 1566
1545 2085
1545 2319
1545 2805
1545 1770
1545 1992
1545 225
1545 2514
1545 468
1545 1548
1545 756
1545 2271
1545 807
1545 1128
1545 2691
1545 156
1545 765
1545 219
1545 2793
1545 1662
1545 1419
1545 2703
1545 1074
1545 2751
1545 1335
1545 1734
1545 1554
1545 24
1545 2727
1545 930
1545 264
1545 126
1545 2988
1545 1116
1545 2655
1545 2502
1545 987
1545 2223
1545 639
1545 2307
1545 1029
1545 1134
1545 204
1545 2148
1545 2154
1545 2766
1545 855
1545 1245
1545 1401
1545 2040
1545 699
1545 2517
1545 1137
1545 723
1545 2001
1545 624
1545 2538
1545 234
1545 2508
1545 339
1545 582
1545 1500
1545 2982
1545 255
1545 1008
1545 837
1545 2121
1545 1878
1545 2310
1545 1482
1545 2721
1545 1494
1545 774
1545 1314
1545 1527
1545 2673
1545 2052
1545 2622
1545 1683
1545 2160
1545 1572
1545 2190
1545 159
1545 2250
1545 936
1545 1719
1545 81
1545 2196
1545 462
1545 369
1545 1491
1545 1563
1545 150
1545 921
1545 78
1545 1506
1545 2772
1545 1917
1545 1230
1545 1032
1545 273
1545 2562
1545 1596
1545 2922
1545 2991
1545 1932
1545 2757
1545 1857
1545 207
1545 1404
1545 825
1545 2913
1545 909
1545 2208
1545 714
1545 102
1545 1179
1545 666
1545 294
1545 1953
1545 567
1545 1842
1545 2163
1545 2919
1545 2532
1545 1521
1545 1617
1545 2220
1545 1764
1545 1623
1545 2556
1545 1722
1545 1896
1545 1692
1545 2730
1545 2676
1545 1809
1545 1185
1545 39
1545 1938
1545 2511
1545 2964
1545 2547
1545 516
1545 1755
1545 672
1545 1827
1545 1737
1545 2382
1545 2118
1545 1461
1545 1935
1545 2706
1545 2775
1545 900
1545 2445
1545 2217
1545 2916
1545 168
1545 2661
1545 1344
1545 2967
1545 1476
1545 2481
1545 2151
1545 1062
1545 2433
1545 795
1545 54
1545 2970
1545 1143
1545 1473
1545 1782
1545 2883
1545 660
1545 981
1545 1290
1545 2604
1545 627
1545 1194
1545 1167
1545 2820
1545 1971
1545 2361
1545 1359
1545 1587
1545 2652
1545 2814
1545 1959
1545 1632
1545 1542
1545 1902
1545 285
1545 1686
1545 2826
1545 705
1545 1188
1545 852
1545 90
1545 960
1545 171
1545 2574
1545 594
1545 1803
1545 1392
1545 1584
1545 2745
1545 2346
1545 414
1545 63
1545 1206
1545 1863
1545 717
1545 792
1545 1434
1545 2091
1545 2316
1545 2397
1545 2070
1545 1413
1545 1350
1545 2898
1545 2613
1545 1080
1545 2946
1545 2823
1545 2460
1545 633
1545 417
1545 240
1545 1731
1545 1308
1545 2370
1545 939
1545 51
1545 561
1545 1044
1545 1089
1545 2100
1545 2406
1545 1503
1545 1560
1545 2205
1545 531
1545 2886
1545 198
1545 816
1545 1170
1545 2037
1545 1299
1545 1704
1545 1590
1545 864
1545 2880
1545 786
1545 2169
1545 597
1545 2082
1545 552
1545 1665
1545 1629
1545 2013
1545 1356
1545 1374
1545 1833
1545 1164
1545 534
1545 1479
1545 1242
1545 687
1545 1716
1545 1965
1545 2391
1545 2412
1545 1158
1545 2781
1545 2025
1545 2952
1545 2103
1545 975
1545 1149
1545 2742
1545 2424
1545 1614
1545 2265
1545 2697
1545 1275
1545 747
1545 1293
1545 2934
1545 324
1545 1581
1545 210
1545 1101
1545 1224
1545 2649
1545 2211
1545 2640
1545 1950
1545 2166
1545 1644
1545 249
1545 2376
1545 2832
1545 2142
1545 2439
1545 138
1545 846
1545 1269
1545 762
1545 2094
1545 237
1545 2478
1545 1125
1545 2718
1545 2301
1545 1872
1545 2808
1545 1407
1545 2694
1545 423
1545 1650
1545 2454
1545 2256
1545 2349
1545 897
1545 1977
1545 1263
1545 2340
1545 2553
1545 1638
1545 321
1545 267
1545 1305
1545 2325
1545 2436
1545 2943
1545 2619
1545 2865
1545 1539
1545 570
1545 222
1545 2124
1545 630
1545 111
1545 2343
1545 21
1545 1200
1545 2286
1545 2328
1545 1866
1545 1068
1545 2253
1545 2931
1545 2448
1545 759
1545 2268
1545 1071
1545 2844
1545 636
1545 2790
1545 1944
1545 2463
1545 2937
1545 2352
1545 351
1545 822
1545 327
1545 1941
1545 684
1545 501
1545 186
1545 2700
1545 537
1545 1710
1545 2658
1545 300
1545 2388
1545 1641
1545 2331
1545 2490
1545 2175
1545 2139
1545 969
1545 252
1545 1818
1545 12
1545 1119
1545 831
1545 1026
1545 1806
1545 2184
1545 354
1545 882
1545 2067
1545 2244
1545 675
1545 2595
1545 990
1545 1776
1545 1332
1545 1365
1545 117
1545 123
1545 387
1545 2679
1545 444
1545 1065
1545 1254
1545 2646
1545 2817
1545 528
1545 2586
1545 579
1545 2736
1545 165
1545 261
1545 342
1545 861
1545 2181
1545 927
1545 2283
1545 1986
1545 1983
1545 993
1545 75
1545 330
1545 228
1545 2628
1545 2202
1545 1743
1545 1278
1545 2298
1545 2904
1545 1470
1545 2625
1545 183
1545 1512
1545 96
1545 429
1545 2004
1545 744
1545 390
1545 42
1545 108
1545 1155
1545 840
1545 1845
1545 279
1545 1326
1545 2499
1545 780
1545 192
1545 2985
1545 1998
1545 2469
1545 2733
1545 2421
1545 813
1545 2520
1545 426
1545 2145
1545 903
1545 399
1545 2022
1545 195
1545 1209
1545 1020
1545 558
1545 2778
1545 2322
1545 1797
1545 1848
1545 1287
1545 702
1545 1380
1545 1713
1545 2838
1545 1107
1545 924
1545 6
1545 1302
1545 912
1545 1824
1545 654
1545 2364
1545 396
1545 147
1545 2358
1545 372
1545 1701
1545 2010
1545 720
1545 2559
1545 1095
1545 951
1545 2850
1545 1059
1545 2409
1545 843
1545 1017
1545 2682
1545 2274
1545 906
1545 1800
1545 510
1545 9
1545 606
1545 1236
1545 1218
1545 1923
1545 1395
1545 1920
1545 2871
1545 1323
1545 525
1545 750
1545 1041
1545 378
1545 1593
1545 2130
1545 1398
1545 447
1545 57
1545 2073
1545 483
1545 2787
1545 1425
1545 729
1545 1320
1545 2241
1545 669
1545 642
1545 540
1545 2760
1545 963
1545 942
1545 2739
1545 1191
1545 1608
1545 1698
1545 1740
1545 1047
1545 1914
1545 1341
1545 2016
1545 360
1545 690
1545 2355
1545 657
1545 456
1545 2385
1545 966
1545 1458
1545 1446
1545 2496
1545 2610
1545 798
1545 1362
1545 453
1545 141
1545 1338
1545 132
1545 1203
1545 2031
1545 2901
1545 1410
1545 477
1545 2859
1545 2106
1545 1968
1545 2910
1545 363
1545 2853
1545 495
1545 2172
1545 1317
1545 1689
1545 591
1545 2925
1545 384
1545 2835
1545 492
1545 2289
1545 291
1545 1011
1545 480
1545 519
1545 114
1545 564
1545 1110
1545 441
1545 1005
1545 366
1545 489
1545 2226
1545 2529
1545 1962
1545 1152
1545 84
1545 2958
1545 1455
1545 801
1545 87
1545 1092
1545 201
1545 486
1545 1680
1545 2109
1545 1908
1545 2799
1545 783
1545 2136
1545 2427
1545 819
1545 573
1545 2862
1545 2763
1545 1377
1545 2046
1545 1485
1545 1752
1545 213
1545 2643
1545 2055
1545 1416
1545 2247
1545 318
1545 1989
1545 2304
1545 1443
1545 585
1545 1668
1545 2214
1545 312
1545 129
1545 612
1545 2928
1545 1569
1545 2430
1545 450
1545 651
1545 2961
1545 2292
1545 777
1545 1911
1545 708
1545 1599
1545 918
1545 276
1545 711
1545 1440
1545 1836
1545 1176
1545 1557
1545 216
1545 2187
1545 1023
1545 2940
1545 309
1545 408
1545 2400
1545 1995
1545 2748
1545 645
1545 1677
1545 1725
1545 696
1545 1257
1545 789
1545 69
1545 1053
1545 1533
1545 471
1545 2079
1545 1038