0 6
18 0
0 30
39 0
0 27
0 36
45 0
48 27
0 48
48 60
60 0
60 45
60 63
48 57
57 0
78 36
63 78
84 0
90 0
42 60
90 45
57 60
63 48
48 90
99 0
102 57
93 0
75 51
96 0
57 90
78 0
120 0
102 63
72 120
120 105
87 0
87 111
36 120
105 57
108 0
81 0
60 51
90 135
141 102
123 57
51 102
57 144
144 63
147 0
150 102
63 120
57 147
78 87
153 135
162 150
96 150
165 90
132 105
165 60
0 150
174 0
177 60
144 96
105 177
165 126
174 90
105 102
105 165
183 0
186 72
192 159
54 117
132 192
87 66
204 54
204 0
108 126
159 162
192 0
189 0
72 57
0 117
150 72
63 135
213 87
144 72
66 123
111 66
207 165
165 192
186 0
177 237
105 72
177 72
228 135
96 102
165 87
204 240
246 150
33 132
231 0
216 105
252 213
66 0
228 252
213 165
240 132
111 252
159 135
72 0
195 189
90 183
174 78
159 282
294 0
165 78
69 102
309 120
309 0
177 309
318 150
90 318
321 105
105 318
321 192
324 135
42 306
327 192
153 129
306 327
330 102
237 102
45 321
336 183
105 87
135 192
342 303
162 192
348 0
126 0
354 204
357 228
357 165
93 183
207 105
0 336
360 0
348 174
285 0
96 135
324 0
33 0
147 126
0 114
369 0
117 252
249 144
192 126
369 141
96 159
0 270
150 126
135 126
369 192
333 252
57 111
204 174
174 273
255 351
399 252
0 399
162 0
177 255
144 105
408 123
39 144
279 0
60 108
342 177
0 414
408 243
279 174
105 135
423 0
0 144
0 195
174 402
141 150
138 114
0 102
426 177
33 147
435 108
435 111
438 0
456 438
456 177
456 204
456 126
219 126
387 141
282 111
0 165
192 141
390 348
156 423
399 471
252 369
123 144
156 309
111 318
369 318
0 318
315 141
492 105
267 492
162 492
126 309
495 123
255 333
108 111
192 150
276 438
396 180
90 438
66 219
213 147
297 318
516 0
300 492
330 177
189 342
528 252
516 204
135 402
291 204
234 0
438 153
540 0
153 267
543 192
546 318
297 390
78 120
120 318
522 180
201 546
549 165
186 177
228 399
549 381
342 549
174 549
417 549
369 399
492 0
459 549
336 159
345 297
252 135
213 144
180 327
408 255
219 204
39 159
417 312
291 0
180 147
159 297
414 555
207 336
300 0
489 0
474 558
213 558
483 423
411 153
402 282
204 387
144 567
570 327
534 570
459 408
576 150
0 330
582 516
567 318
495 342
186 480
588 480
492 342
594 549
321 189
597 567
510 417
48 243
597 0
600 0
606 183
447 312
159 144
0 606
237 159
114 609
447 438
81 609
435 0
180 0
234 249
63 327
615 408
459 588
621 174
435 621
192 480
153 477
357 0
153 501
159 534
459 141
147 387
348 192
627 165
183 306
627 0
336 582
195 627
630 306
633 0
399 165
636 180
606 150
219 0
417 555
504 192
318 651
654 615
654 327
657 636
159 243
84 252
36 162
615 393
240 159
312 456
612 177
555 657
660 0
579 555
99 531
90 159
675 348
315 0
678 207
354 378
420 0
429 192
558 273
690 252
693 237
450 324
570 699
174 192
474 195
408 699
0 243
309 303
201 492
648 243
492 438
708 330
711 186
711 438
489 195
177 162
711 0
552 0
711 174
324 297
393 183
342 243
417 714
0 714
375 0
705 162
573 729
195 162
306 729
123 423
135 729
732 423
732 348
660 414
630 321
435 651
594 282
555 507
675 627
738 0
159 648
387 348
558 192
744 591
0 744
750 0
753 414
759 750
63 558
0 558
408 204
507 528
642 762
555 0
765 339
537 606
0 651
240 408
237 165
711 765
174 282
630 303
150 771
183 387
744 252
774 0
774 345
555 321
345 195
144 528
744 438
327 774
777 192
177 336
459 732
699 414
309 237
393 192
513 0
744 303
555 333
60 675
792 567
534 792
66 792
798 228
798 549
183 627
96 588
93 504
669 243
570 753
495 546
801 306
468 774
807 318
807 609
465 672
204 453
447 327
588 675
372 297
789 417
816 0
282 729
78 489
828 615
258 432
834 0
342 612
105 333
120 558
318 399
84 840
207 348
342 711
507 252
846 195
849 342
855 348
438 333
711 246
858 405
225 549
543 858
798 513
861 729
411 381
861 207
861 0
864 213
864 780
324 864
684 0
204 399
198 774
297 195
771 498
246 321
411 360
780 522
813 204
603 612
621 249
870 258
474 387
873 867
873 324
450 294
153 504
651 255
888 186
888 204
276 447
774 429
321 318
348 705
402 189
189 588
51 312
777 255
897 195
486 897
126 435
906 339
906 489
318 906
822 192
909 369
912 0
912 696
57 912
495 219
432 228
357 888
66 480
0 387
201 912
705 570
210 912
915 342
918 543
711 792
921 615
144 594
924 468
924 195
339 243
0 846
255 621
909 318
930 240
0 579
936 504
936 411
474 882
327 705
249 333
408 621
942 453
618 492
114 675
495 348
360 243
252 597
723 207
423 303
372 0
945 318
249 522
513 618
951 414
66 774
240 252
567 870
876 957
228 213
240 789
306 414
414 876
561 588
90 546
966 0
393 858
297 501
690 0
972 516
972 0
423 972
825 972
105 975
978 357
114 933
939 318
348 324
789 345
360 573
150 609
456 981
984 774
984 315
324 984
294 351
516 237
912 507
507 705
327 204
666 0
714 999
621 225
327 408
1002 672
408 249
1008 930
1008 789
663 1008
942 549
51 810
1011 327
1017 327
318 1017
1020 315
1020 918
0 1020
357 1020
1020 213
1023 522
978 276
1026 561
1026 219
471 1026
279 309
1029 501
738 618
54 363
726 1029
915 981
597 360
528 537
303 249
129 429
48 348
1032 825
735 738
1035 297
456 1035
1038 0
141 897
378 621
561 939
57 945
540 213
561 333
315 555
228 303
609 1038
27 675
552 1038
585 0
465 423
513 573
1038 972
0 675
237 615
1041 858
714 816
192 987
372 474
1044 0
1047 615
810 342
1047 516
894 249
960 234
939 993
624 423
381 264
513 1029
423 708
333 1053
1053 945
1056 330
732 528
1062 723
297 0
912 717
318 570
993 774
306 1038
1071 897
1071 0
1074 525
1074 1017
1077 870
1080 309
90 1080
1083 0
1092 414
774 903
912 1095
723 492
1110 408
399 579
93 999
1116 294
1119 870
1119 558
408 402
279 954
1038 1119
1122 1038
522 507
1122 0
282 774
654 516
279 399
708 711
834 357
1131 318
1131 648
738 1101
633 1113
198 303
1134 663
237 1053
177 339
771 318
1140 621
1140 1017
1143 252
147 390
714 492
63 345
609 492
1146 0
1149 972
1152 810
1152 789
327 798
111 831
648 864
291 315
969 1128
639 408
603 1032
954 255
1152 378
660 267
303 516
741 282
678 0
165 558
1161 336
693 744
675 1161
582 405
333 1161
699 492
522 1008
540 903
618 0
57 1134
870 1113
303 645
771 324
330 282
228 606
1176 318
1176 354
540 723
903 813
1179 324
1179 606
1026 714
1182 1116
294 333
1182 399
354 1191
258 1191
1197 429
1197 912
543 405
1041 306
255 549
603 708
870 321
507 1200
306 1095
957 306
309 321
258 852
900 705
939 492
723 900
1203 558
1176 1029
1206 1032
1209 900
1005 522
513 615
1218 627
429 339
327 1218
156 354
306 366
1215 651
225 849
375 1026
651 333
1224 957
1224 645
1227 282
1227 342
891 558
195 507
927 384
333 507
1227 558
816 1227
852 651
354 735
825 0
555 1062
1233 0
1236 492
369 447
1203 492
906 315
1011 318
1239 717
1242 429
381 1152
642 477
1245 588
756 474
171 417
450 0
1248 549
561 852
1248 318
555 330
282 318
0 1206
1242 1026
621 1248
39 1248
870 1248
825 282
0 339
384 318
660 1257
534 1197
168 864
711 528
1053 462
699 489
906 282
618 861
420 1017
1260 0
1263 639
1263 303
447 522
372 294
792 1263
717 549
1266 456
99 423
1269 480
1269 711
408 1269
1278 321
774 579
204 1278
453 315
1284 462
0 1002
1290 798
1290 414
393 471
507 393
1293 636
435 372
672 759
933 1122
762 681
1275 459
1296 570
1299 333
1299 309
255 0
39 495
369 651
687 1299
789 1299
387 1299
1299 1113
945 435
237 672
1236 1218
294 360
1302 318
1305 357
522 411
549 960
408 636
963 1308
1191 303
1308 753
993 303
1311 861
1314 705
534 588
0 567
624 507
474 360
402 1314
489 1314
381 303
1317 660
1305 744
588 0
1320 348
1320 720
504 1320
534 906
324 1011
645 660
1158 1320
1323 1095
675 399
1326 315
1329 411
489 948
378 1080
1251 1332
1074 393
348 414
1221 558
336 810
888 1335
672 351
246 864
1176 1158
405 930
402 492
573 471
936 1344
573 0
354 1098
1344 0
0 381
330 744
198 1101
348 465
456 906
657 1197
150 399
21 306
0 942
1158 702
417 657
1029 699
1239 732
399 534
1350 357
1353 744
381 465
456 723
1356 1320
933 549
474 816
1020 1236
186 321
1257 345
930 825
975 972
507 1359
558 1359
384 660
1362 324
570 672
1029 1365
690 1038
444 864
576 501
45 882
1368 1008
1374 0
1374 558
798 0
303 327
942 825
456 423
492 621
552 738
354 807
741 0
804 711
639 546
402 1374
1374 924
666 492
21 435
399 1212
1380 855
1380 0
585 402
651 1383
1389 558
1389 318
1152 888
1356 0
105 1389
126 744
1395 615
597 1395
1395 852
876 708
1398 0
1401 738
507 873
1404 0
1404 357
1407 975
1407 0
915 411
309 1410
1071 864
165 1257
1140 501
405 1224
489 597
711 588
774 939
408 318
1359 1278
408 1194
789 456
1419 936
963 456
1428 705
327 1134
381 1428
1011 414
0 981
1209 438
1113 621
741 1431
1434 408
1161 381
354 966
576 774
1437 1311
549 0
204 771
558 909
909 324
891 1191
375 606
0 1005
1443 1020
285 1197
1074 597
360 864
243 396
1452 1140
48 615
870 1452
1308 606
549 387
1452 735
330 1137
1173 1290
153 507
843 0
666 942
1191 348
729 417
105 507
900 531
651 1401
1320 402
1458 411
1467 768
1089 0
735 408
1470 609
1395 798
657 423
936 1083
1470 711
864 960
534 1470
1359 660
1473 1245
1473 798
246 423
1476 1032
1476 0
1482 0
1311 813
612 345
762 372
621 1446
1464 663
696 1437
66 1125
1431 0
255 1071
600 735
180 1158
1491 1008
1038 387
1437 681
1491 654
798 1491
1494 870
1497 1158
1497 0
1203 408
1497 444
1152 1497
663 699
1500 1485
903 384
396 663
534 729
1434 1272
1014 462
621 1503
252 1479
1095 1326
1506 438
702 606
1509 393
1485 543
750 393
1497 549
990 354
1521 1326
1524 513
1527 531
1122 840
1230 1527
372 558
693 423
840 1527
474 1122
1218 879
849 1527
1530 1215
1533 1374
522 738
1356 504
1056 468
90 1173
753 396
1242 549
189 573
1008 471
1215 0
1536 1497
1536 615
1038 1536
831 387
123 357
1539 1035
1398 1539
1539 729
471 1263
1545 615
1545 882
579 1545
1419 969
234 687
1395 435
1554 558
1560 975
1500 558
1119 588
1332 705
1203 1560
585 417
870 1560
993 405
369 492
624 909
411 1560
852 0
1545 585
1233 342
876 0
375 1452
672 0
264 1560
366 1272
36 1560
723 1002
1566 816
1566 627
1497 1404
534 423
1527 1254
1569 1431
480 1011
678 1569
1275 1572
1290 393
1575 345
333 1422
543 942
1020 831
603 399
0 807
1578 1410
243 573
1578 462
516 1410
1584 651
204 894
1170 636
432 1536
1515 606
507 1239
822 0
120 1452
1134 570
93 474
528 1227
1353 612
1050 516
102 837
1596 903
387 702
681 417
462 1596
1557 1173
201 1596
321 417
162 1596
1503 429
912 1596
1599 669
1323 1560
1605 399
1605 522
717 1248
1125 555
1608 1431
585 735
534 1071
672 1608
1194 1608
429 711
573 1428
606 687
45 1311
399 807
1611 384
1344 1611
735 1611
504 864
30 1248
1611 1053
744 867
1611 1479
1377 864
798 738
1320 480
792 1191
1101 618
804 672
0 993
1071 588
471 408
291 480
1116 687
873 0
780 756
621 657
489 1002
1620 534
1614 456
876 990
1620 1485
561 639
546 906
480 435
327 906
1626 459
543 612
1638 1536
168 993
1119 0
1623 411
1644 813
1644 1638
1578 1644
1644 1497
525 1644
855 507
543 1644
1644 627
1644 978
1095 636
480 1197
1647 1209
1647 1176
585 651
627 921
1650 771
303 1278
6 402
1650 549
1446 1650
210 1650
1530 1125
558 717
816 615
438 1323
84 1134
255 1410
1659 438
1659 1380
438 648
441 408
1662 1077
1662 528
372 1125
918 774
879 429
804 789
1626 1446
765 954
888 1017
774 747
1668 507
237 1668
864 867
774 495
918 666
1071 855
1641 666
663 1668
699 1422
1671 714
1671 798
648 981
69 1278
720 480
633 741
1530 0
1299 1551
318 1152
291 393
1659 981
480 1179
792 1560
1395 1671
1674 879
693 774
765 1674
1107 1056
399 798
801 1674
1065 1308
1002 387
657 1674
1446 513
1686 1077
819 0
597 510
1689 507
1689 399
1692 714
228 699
1386 1005
648 0
672 651
1695 510
1296 1695
1020 960
1698 1179
1152 408
201 504
1701 1653
1515 717
483 501
1032 918
429 387
1338 471
1707 411
408 807
774 1125
1680 1380
1710 1113
1713 828
510 1200
705 600
1719 408
1233 852
978 957
957 0
582 528
1440 1722
834 1401
825 387
1152 615
1329 492
681 498
492 555
723 1023
885 1275
1725 909
1725 999
981 1008
0 1725
555 651
906 0
1725 702
792 579
426 693
612 1725
1128 681
1638 1725
1725 657
1725 1113
702 546
1731 1116
924 1176
1113 492
1470 1527
480 786
1734 528
1734 399
0 1302
1032 540
1035 801
1737 405
1737 879
87 1020
1680 0
393 621
663 0
384 438
1740 615
351 471
297 1497
1524 672
930 1224
1743 1644
144 741
660 1743
594 627
546 1029
402 861
1437 1479
474 426
657 1032
939 510
1746 0
1341 0
711 1407
1533 756
42 774
681 1248
105 1746
1239 864
1749 675
1290 411
858 0
1668 774
405 480
51 1122
1752 834
1755 0
1755 813
96 1020
1755 966
489 1755
1749 1635
648 1758
1761 765
1761 1209
1764 1077
279 408
1323 507
729 543
108 606
1170 825
870 1713
798 915
252 1386
1272 834
1770 408
1413 1200
504 0
1776 876
1776 843
315 1383
1017 777
426 1776
609 1776
615 417
1074 600
1326 888
1683 1509
1779 1650
1779 600
48 687
624 1779
1785 1152
1293 492
1074 534
1464 0
1608 456
1569 636
1791 570
1791 507
840 588
480 672
1017 537
738 438
732 738
774 954
1365 438
1125 969
912 1227
756 570
342 1530
960 417
906 1290
864 1800
492 675
1803 651
1515 555
525 1704
1809 558
1053 1809
666 573
423 612
1749 1191
888 1479
81 1065
1788 774
1809 1095
66 1311
1254 588
1815 579
438 618
408 438
1488 0
54 462
1818 507
1821 1497
1821 1062
1227 981
1347 876
1599 489
1137 1119
1821 1005
660 501
1524 1710
1221 1038
1095 1038
654 1308
912 765
1299 960
1446 444
1179 849
1083 1647
993 1821
1824 975
1824 1191
882 1824
246 1533
1773 906
1794 0
60 417
1560 615
1191 1515
1044 855
1815 1824
189 906
1830 1395
1833 858
1833 1155
1005 1833
1026 1251
534 1833
126 1833
462 480
1836 972
1836 504
801 1101
1836 1008
1839 1248
1839 408
774 1722
1839 1038
1182 1299
600 1839
1656 0
396 918
813 1005
1728 1491
84 666
972 960
765 528
1722 492
588 504
708 744
1845 426
1626 861
897 666
1848 0
1284 1545
1098 1848
1596 1848
429 1647
1851 1119
591 1242
1497 1851
1224 612
1506 1851
1854 0
0 1857
1428 1851
1860 1032
1710 1275
240 888
1866 621
495 1176
981 1299
1092 1644
750 609
1197 462
861 1869
1788 1005
195 825
555 1326
699 729
1872 588
1344 513
861 438
1872 1842
105 1872
1197 1626
1485 1026
963 1467
1875 906
1236 453
1878 435
1878 948
606 423
1506 1569
597 615
852 1527
1479 1125
906 597
1878 1431
594 1878
357 585
1263 1878
378 1314
84 1452
552 1773
393 825
1026 1803
429 1605
360 1020
1590 633
84 771
1092 897
1884 1512
690 1887
447 534
1890 0
495 0
543 1176
1599 1668
378 660
621 0
552 729
609 558
816 609
1050 459
1458 939
1053 1497
1293 1890
594 468
0 1278
1050 657
1896 786
1731 1896
1791 1773
1740 561
1899 666
522 1809
438 1002
1902 1212
1902 801
1905 1848
0 1182
60 1905
1647 1611
1422 0
1443 933
297 1674
1908 0
252 621
987 1179
1071 1908
252 675
960 0
1131 882
762 984
1911 1017
1914 1158
378 567
1920 1317
1920 711
957 1920
438 1092
975 1011
555 981
1926 711
1308 1026
1719 1269
1107 1461
306 1926
1929 1071
1929 549
963 864
1932 0
138 798
1596 753
609 1200
1938 456
648 717
795 0
702 1221
1719 1572
1941 1119
1572 567
1704 495
1452 741
1944 528
1944 1005
756 1944
567 858
1296 1944
801 1257
312 1854
1947 669
1947 1344
1947 447
1845 1023
1950 798
744 1950
192 456
540 1950
1230 1512
1275 1950
1329 522
1410 1902
840 495
1953 663
1953 1290
1611 975
1854 1110
1221 660
1050 561
939 480
1857 615
1935 573
426 1560
1458 1560
822 1935
1896 1248
1479 1398
1320 1953
1521 711
201 1953
480 957
870 0
126 1257
297 1428
1956 672
48 1662
1077 1110
1812 492
546 999
1815 1713
1959 1485
402 1959
264 0
1965 1650
843 693
393 1965
1968 1809
102 492
51 948
1971 942
1974 528
1974 585
1680 579
1974 1344
981 1059
780 1974
1728 1383
150 504
0 1974
657 522
1173 522
654 1092
129 1434
213 1158
1980 690
1527 792
1467 1980
774 1371
645 534
429 558
132 1941
624 621
1986 1746
1986 0
1473 1179
1500 1035
1458 1611
1989 510
1989 540
543 744
1992 1842
1320 792
1788 1227
27 771
1272 1026
1440 867
1230 1233
1149 1272
1230 1674
1995 864
1995 0
408 582
177 1458
1515 876
555 939
84 1092
474 1644
828 1659
1998 456
1008 708
996 1074
504 759
705 681
2001 1227
2001 597
1407 732
1260 1944
273 1878
1146 1191
288 774
1182 960
1677 549
2004 1878
1092 945
33 858
1356 1890
1659 2004
0 2004
1056 546
1308 555
927 561
159 1437
1161 0
1644 861
771 588
930 2004
543 702
1347 1476
2013 1119
426 765
600 480
324 861
660 612
999 1887
2013 609
2013 1011
1650 1047
1671 1146
1386 783
741 504
1131 2013
1629 1071
0 1590
1380 501
51 1179
1413 1326
1200 2013
405 1740
2016 1410
51 555
798 1629
426 1569
759 1878
438 909
2019 570
1014 2019
735 1272
972 1374
1827 915
2022 615
66 1473
1974 1026
1269 1278
978 1917
1059 1176
2025 1320
1959 1632
1056 0
1659 1173
1959 0
615 1293
513 1878
1029 828
981 774
2028 921
2031 1017
285 981
0 1866
1302 1005
321 588
126 660
1980 1746
1302 912
2034 687
2034 648
492 549
1689 0
960 900
1596 645
1800 2034
1473 615
639 2034
1845 489
225 534
1596 735
738 510
2037 498
2037 999
1890 1836
2040 585
2040 516
2043 1128
2043 1011
501 1650
645 555
399 1653
1599 1836
507 1179
276 852
1221 1218
2049 636
2049 588
984 621
489 675
603 711
1008 1527
165 1860
495 597
663 855
849 1446
2058 0
2061 1179
2061 765
1329 1746
2061 1683
555 546
963 933
483 1527
2061 597
1617 1785
972 1092
2031 0
2061 0
504 2061
549 747
297 597
1230 501
2016 2061
1281 666
1062 0
1635 546
2064 663
2064 834
1209 1875
243 1860
798 558
0 2067
750 2067
2070 1893
2073 1005
2073 489
111 1812
1608 1359
861 633
132 675
1173 1560
2076 1356
2076 534
1509 702
1521 801
21 2076
891 717
1116 1011
1218 1365
1200 1290
627 1959
975 666
549 1836
555 690
984 1602
600 546
1224 729
468 1146
1563 1374
417 1209
570 1446
1776 1593
2082 1476
912 1599
1464 576
852 912
1449 0
639 558
129 1971
267 957
324 1359
864 840
1020 606
756 765
2088 1167
2088 732
666 1299
1020 1284
477 711
1557 0
2091 1125
2094 825
324 1209
1407 1404
912 999
228 2094
2097 2001
1728 2097
144 648
2100 615
102 615
1587 510
2103 507
1740 1527
2112 513
2115 543
2115 708
714 2115
696 1212
1290 1335
1893 1116
807 1092
240 2115
873 648
2010 705
2118 624
2121 1362
2121 525
1134 1101
825 711
993 1749
891 921
306 1914
534 624
579 1290
1044 969
912 642
0 522
558 576
1482 1020
384 573
1023 2064
1101 1800
738 1008
2124 1608
2124 1062
1020 555
1248 2016
888 789
906 1062
570 1596
1446 861
1722 558
1887 1590
822 1878
846 735
2127 558
117 2025
1758 1599
2130 744
2133 873
1380 912
1083 1398
2136 555
2136 1146
1518 798
993 522
2139 711
2139 810
1368 702
1713 1161
1959 1404
21 960
729 2145
840 1560
2145 624
135 2145
1389 1407
2148 0
1635 0
300 1659
1854 1527
2034 1740
2151 1320
975 777
1797 588
1623 1941
1932 699
1770 657
630 825
2154 861
1314 1737
0 1599
1650 711
558 2154
1404 522
1677 558
762 933
1923 981
2160 885
2160 915
600 1491
1887 507
831 1677
432 1899
123 876
1017 2160
1446 507
1710 666
2163 1527
1650 639
1872 1332
1179 1563
1233 1137
567 1950
1389 1194
1614 900
798 543
738 2163
2166 864
2169 1746
2169 558
1008 0
549 573
2172 909
2172 1083
555 1434
534 1977
513 702
1638 1497
675 2172
1596 1440
1386 2172
1272 1572
792 702
657 1074
1260 981
2178 1959
2178 585
1809 648
360 1797
858 1020
333 1560
435 2178
1596 1566
714 1053
969 2178
2181 0
33 1626
1899 2181
2184 0
2184 1077
1413 651
783 2184
1131 789
1560 810
1248 2184
2130 864
552 2184
2184 1485
2055 855
858 2184
324 1713
1566 957
2187 1041
2187 936
2190 1383
2190 1227
2193 588
2196 0
2196 1374
879 711
1398 2196
780 933
603 831
225 660
573 822
1434 897
90 2196
1749 2196
2196 849
1896 2196
786 1599
207 2199
609 1572
2202 1152
2202 2121
477 1470
1326 2145
45 852
0 1872
1503 1356
2145 2202
126 798
2205 1203
2205 972
1860 1920
969 522
2205 1605
702 1383
75 2205
714 1647
1854 1575
1593 2205
78 813
480 558
1821 1719
1119 1893
2208 534
2208 774
1563 840
510 1533
354 651
1299 1428
546 1101
66 732
621 1389
1830 1326
2067 1545
1020 723
1485 1569
330 906
522 1920
1200 1473
1881 2211
1875 2211
639 1128
1218 1227
1734 1878
312 612
2109 549
1527 0
2061 882
720 900
2124 1776
2214 1908
2214 960
1143 1608
1590 2214
1020 2214
1818 744
1251 648
198 1008
1053 2193
591 981
864 1284
531 732
1212 2088
1032 2214
2217 1668
2217 561
2220 1878
747 900
264 1644
282 1116
1851 1932
2184 1716
102 729
402 1974
36 645
1104 1260
993 1485
876 1395
1992 789
2226 1023
1878 711
774 738
2229 1029
1092 624
1497 1161
615 1017
1506 660
1995 1299
2232 1161
1338 666
2232 534
1038 2232
0 1452
921 1065
1485 1410
1977 1221
1764 975
2235 2199
2235 1887
2238 1908
2238 675
618 1647
792 1821
792 1011
210 888
621 1509
798 2205
1980 1365
1287 675
2142 2238
897 1965
2241 1011
2241 1053
816 621
1278 615
789 1338
1242 2241
672 1248
642 1122
2244 1035
435 1473
510 858
2016 588
783 1458
2247 0
1191 1290
300 783
1842 648
1608 0
1143 1914
2250 969
2250 867
648 1725
1140 1497
702 621
351 1116
2250 1833
747 744
1995 1446
2253 900
2253 927
804 792
639 2253
2259 1590
621 912
972 1728
2262 0
969 0
1680 612
1059 1971
1998 789
2220 699
2265 777
1161 1035
2148 1356
2268 1788
726 0
2271 1011
153 762
1182 1905
390 1737
609 0
702 2235
1488 765
786 909
969 1317
2277 900
2277 738
726 1095
537 2277
1173 822
2280 0
429 2271
882 648
1272 1287
411 1335
1572 2139
2283 1071
2286 1026
2286 1920
2286 726
708 0
1539 774
1029 2136
2289 1128
2145 936
2292 1329
2292 2088
1032 939
522 912
345 1101
1479 882
2295 1644
2295 861
1677 972
2295 2013
2295 693
1209 627
1050 1311
2289 579
1017 729
1158 888
1029 1470
1371 627
510 1812
1512 981
2298 1125
1152 972
2031 1452
2175 1506
2145 789
1068 951
2106 1524
1314 2298
912 2298
1956 1878
1830 810
1065 0
2301 1107
2301 1329
1278 1110
2304 891
1551 2256
1695 2049
429 822
702 1191
1542 705
2037 993
1692 1029
1560 804
1584 1248
2310 630
2310 1404
2313 0
1971 1026
387 1029
1800 1569
2298 1410
366 0
1314 1218
1479 1284
834 864
1071 1596
1716 1626
114 654
933 1977
72 1353
573 882
450 1599
531 1896
879 1758
2211 576
1803 1947
2241 2313
879 2313
2214 1611
243 1152
2316 1179
2316 1071
615 1140
36 1851
1455 0
2127 1395
1071 1038
1956 1113
1221 978
2319 0
2319 984
1596 1038
2274 0
1509 957
681 2319
1959 1851
1311 2196
1212 2319
0 1131
1032 609
141 912
1497 1248
1923 2319
2322 1086
1698 588
1491 1299
1350 1173
1425 771
381 2322
1497 2322
150 1677
1398 813
1317 1032
2067 1680
2322 1713
2325 1404
2325 1749
2325 891
2328 1608
2328 765
978 0
1617 1932
537 0
2124 636
2334 921
2340 1068
2340 735
747 825
303 672
1386 2340
1971 882
2343 2061
2343 1719
2346 1182
2346 1572
2349 624
2349 798
393 705
336 1053
558 825
2352 1152
2352 1299
1203 2280
2259 2352
72 2352
606 1530
195 1608
1833 2352
2355 1029
2358 1836
2358 1221
705 1113
594 2358
2355 2358
549 1749
1602 972
1833 1206
2364 1242
2364 1170
2367 0
2367 1152
1308 897
1092 1272
444 705
591 870
1239 744
807 2367
1602 1947
1101 1713
2370 1602
870 1590
1797 804
1758 2370
1260 2277
2373 891
2373 1077
2376 0
1485 585
2151 1257
2379 609
2379 1401
1983 825
1485 1356
1038 1881
2379 1386
2382 2049
2382 2280
531 702
2385 0
1716 711
1239 1935
2298 2232
2142 1470
1140 921
981 960
2391 579
1131 663
2055 2391
2394 606
2397 2043
2397 1389
2397 1281
894 1299
1683 1551
1737 1404
1179 0
2397 1440
1050 2397
2103 2397
1614 1491
2019 870
2337 645
2400 1473
1653 999
1644 2367
813 1467
699 2022
2403 903
81 2277
531 2316
3 993
2181 1224
2199 2205
1989 2118
144 1458
1305 1896
1905 2403
1323 1293
861 876
1377 1509
2295 0
876 960
789 636
621 918
1293 1848
210 681
2403 1551
1782 1830
2313 627
2406 2172
0 735
831 2406
2409 1710
2355 1839
1698 0
1482 942
1506 1695
2412 1956
2412 714
1653 1560
1086 1497
2307 1947
261 1488
894 2412
1026 1395
663 2412
2415 1560
2415 1992
1875 2415
2145 2415
1278 999
1170 801
2166 870
1530 633
573 771
570 2415
1464 2055
2418 576
2418 2364
1920 1290
1125 597
1065 1740
1635 825
1740 606
1644 1800
630 2355
618 2418
957 2418
1362 2418
2418 0
1917 2418
720 2418
1278 1608
1155 1161
2247 1002
1023 1539
774 1596
2421 1110
396 2421
2340 1698
2004 756
1566 729
423 2097
1479 2421
0 1308
795 1644
1575 2421
1794 1002
1185 2139
2424 858
858 1056
1428 1281
660 2424
285 1254
477 1758
2427 1491
2430 1398
2430 0
411 2253
1335 993
2433 1713
2439 0
1065 1365
606 1293
195 744
183 615
2442 1269
1404 1695
1878 2433
1818 1080
2010 849
1194 1521
702 828
2442 1233
2445 2184
2157 621
141 771
117 702
2142 846
882 2445
726 2445
1572 888
705 1896
453 2331
1095 0
2160 1002
1941 1476
1743 0
1548 1953
1194 738
585 1017
2448 717
2451 1176
2451 852
2454 1527
2454 675
1950 2166
1242 0
1650 738
1116 2196
1965 2262
768 2397
1095 1278
2457 774
888 630
2460 723
2460 0
825 1368
876 1020
2463 1038
1416 888
1455 1386
780 966
1971 912
1380 612
1464 2463
2466 1077
2469 1959
2472 1923
2472 771
2424 1038
402 615
354 1032
2475 588
1914 1560
2478 2070
444 621
2481 1887
2235 1479
2118 0
1368 1179
2484 1248
2484 780
1659 999
2421 1572
453 2256
642 1293
2487 2301
2490 666
2490 1971
2493 1197
2493 711
462 0
60 2493
2496 666
2496 798
2007 765
2469 648
672 906
0 2496
2499 609
2499 675
2502 2145
2505 0
2505 753
2478 2505
474 2505
1683 1734
2508 1338
2511 1029
291 1326
2448 1326
942 957
1074 2511
1752 1095
2514 1062
2514 0
2517 711
1683 1470
2520 933
1992 918
2517 1209
2523 2250
708 2241
1917 606
1860 1020
0 888
1626 714
1965 1119
783 2019
2163 1758
2535 0
2172 660
1086 621
2538 1620
2538 1029
1950 2538
159 774
2541 1077
2541 2292
1533 1383
1401 1797
1524 2394
2004 615
2544 0
2547 597
2547 0
2388 810
531 2547
738 1728
453 2547
2550 1143
2550 606
2550 783
2550 1146
27 2286
975 621
54 1326
2553 2256
2553 888
1287 2298
1095 2553
2307 807
1614 1311
2463 2133
1593 1737
2556 1740
2556 2538
1467 1914
213 2556
588 1752
762 705
615 2556
2556 2340
687 645
1083 1023
1731 759
15 1404
2562 1833
2562 621
792 1635
2388 858
2262 738
1680 1752
1917 2061
2442 885
2532 1467
2565 645
723 1608
1857 1209
2568 1446
2568 1452
2247 1134
1830 1458
471 2568
1260 1173
765 969
645 0
2289 666
1911 1563
1548 2511
1392 1812
2571 1263
2571 1248
276 1584
786 2508
1716 1497
1029 993
1647 1893
2574 1950
990 1401
1038 936
366 1872
117 699
1593 2445
2256 711
864 1125
1842 1770
2118 1329
1050 1005
1680 744
2481 876
1914 609
267 921
2577 1884
2577 666
1287 2184
1116 2577
2001 1059
1968 1875
2577 1005
1038 981
855 888
2232 2331
513 1791
2577 621
2451 615
1638 2577
1257 2427
2577 1248
2100 2577
2583 657
963 2583
1827 2583
1464 1257
1305 2097
1965 1632
90 1317
123 2583
486 1701
1206 1245
1914 1227
267 1920
2586 732
2586 1434
774 792
813 795
681 732
72 792
204 2586
1767 1062
2175 1020
2061 978
1572 1938
1122 1680
462 2085
378 2586
396 2382
894 981
1365 2586
1665 0
2199 861
81 783
1425 657
2589 2502
2589 2280
1485 2367
258 1878
450 1191
897 2589
804 1497
909 2589
1473 1860
1290 2352
1728 783
1494 957
2103 2469
951 2172
2592 693
2592 1800
2595 789
2595 1062
624 1773
2598 771
2598 1938
1233 786
894 1134
447 711
2085 1905
1875 2601
1911 1611
1740 2601
2604 1980
1626 924
1251 813
2607 1179
1323 1665
342 912
912 2046
2238 1626
2115 711
1017 0
825 1005
2082 1671
2610 1575
2610 1674
375 1218
1038 2610
1539 1278
1131 2349
1479 0
2223 2610
2613 0
2613 1851
1242 1668
2616 726
2616 759
1764 1689
1377 822
735 2616
621 765
645 1305
420 1092
216 864
2616 1362
843 702
2490 1470
2616 921
915 0
2619 807
2619 762
348 774
1569 1065
0 2037
2619 2145
84 2199
294 1974
2622 0
2625 1017
2625 1140
2373 2304
2625 1275
2193 654
2316 1395
2205 1410
1029 1347
2628 2001
1866 726
465 1071
531 0
1641 1842
2631 699
954 2184
1650 2631
1236 1203
42 0
2118 1851
2133 2634
2124 1257
1428 2577
2637 1749
1575 2124
684 2604
2640 2430
2640 921
1893 2295
2376 1746
2640 1692
1011 2640
2403 1287
2322 2640
924 2640
1908 2640
144 771
1620 1173
1524 1764
1164 1242
1593 1329
1194 2640
660 750
1848 936
2643 1998
747 0
2646 0
2499 870
1050 1647
708 1995
1971 876
2637 1485
2649 900
2649 1314
2652 2172
2652 2193
57 645
177 2088
1539 1221
963 2652
942 1257
2247 2550
1089 1203
528 2235
237 1038
2088 2652
1908 1980
2652 1056
744 2592
672 1755
1440 0
903 717
2601 1950
1632 2013
2403 1146
1320 1257
2109 2652
2655 1083
2283 2172
1758 1392
2487 2637
774 2592
1515 762
789 1911
2466 828
1344 774
2340 906
768 1152
696 708
2658 1992
2658 1473
1821 789
2331 1248
867 1692
1611 1026
1362 648
1239 2658
1659 1752
2661 2460
1734 2661
225 774
0 2661
1896 1632
1113 2391
2661 822
2664 2565
2664 1416
2400 2664
312 2664
1179 726
336 1029
1749 1107
2184 1560
774 2085
2667 1104
615 2667
378 2313
1152 2463
2577 2085
2670 1509
1242 2670
1341 2304
2670 0
495 2670
165 1611
669 2196
612 735
1854 762
2673 912
2673 864
2676 1179
2676 2088
900 909
915 2676
2679 0
2679 858
2682 822
1041 1284
2100 1644
117 2682
318 1062
1665 2322
834 2427
1035 1881
2685 2196
2685 1998
2685 969
1032 1077
156 1632
1458 1989
489 690
552 1944
468 894
2310 888
1974 714
2691 1527
1608 1590
2415 1095
2694 1410
2694 777
231 1959
1233 1791
2568 1074
18 1017
759 1446
861 708
1095 1599
2697 663
2697 0
2700 0
2700 1572
999 2700
1338 2700
1257 1029
1032 1200
2703 702
2703 1434
2706 864
2706 1977
1038 2706
1293 918
2382 0
1680 1695
1707 2706
2295 2067
1035 1725
447 2667
270 1530
1224 768
972 1560
1788 1056
1527 1269
2709 1143
2709 1572
2712 654
2712 1485
2712 1227
912 1944
2406 1956
861 972
0 1425
2304 1587
678 2712
435 1464
1272 1302
2715 1029
2211 0
1287 687
645 981
822 2013
1782 0
1701 1839
2718 1728
2718 1713
816 750
585 717
2721 2382
2724 810
1269 714
2724 2700
1305 1608
1797 975
2310 1116
729 939
1020 648
1608 1821
1542 2463
393 1191
2727 2433
2727 1191
2070 1866
2436 2727
1014 2727
1680 831
2730 1647
2202 732
2433 705
2268 810
2280 2583
1224 0
2733 1680
2733 756
903 2733
2223 1017
2721 1608
2655 2733
2721 2733
2559 0
2736 1251
2736 2538
774 1455
1143 1230
699 1095
2634 1290
2706 972
2094 2736
1326 1596
165 2337
1059 2046
864 2013
2019 1764
234 1347
960 2082
2739 2382
1653 1689
1761 1725
807 1032
2739 1344
1827 972
795 753
2511 1020
963 1113
1860 1527
1035 2661
864 2739
1395 1344
1260 2355
2742 2196
2742 1272
1242 2658
2745 786
2745 2160
462 1839
1029 2064
2661 1788
2691 2313
2106 1005
2748 1524
2748 1845
1029 2748
2676 879
2751 2589
2751 2535
1284 1962
846 1560
1017 1095
897 2751
258 711
174 1878
2532 2751
2751 2163
711 1137
2754 807
864 2754
1779 1035
2286 978
1077 849
2748 813
2754 2664
2457 1746
2757 981
2757 1938
2529 1725
822 870
1101 2757
924 1437
1275 1338
2760 1644
2760 2181
267 1095
1053 783
1263 1197
2361 2295
399 741
1869 912
1002 2760
2091 1077
2352 1680
2763 1023
2763 1896
1581 2313
1173 1998
1548 1683
1095 1404
1557 831
2433 2763
0 2709
1329 2763
2322 1113
2766 2415
2766 930
1671 1695
1188 1869
684 2664
1539 0
1062 1530
972 2535
1809 2766
819 1599
216 2115
2730 1830
384 666
852 1008
2367 2766
2766 2418
2766 840
2769 0
2769 1476
1554 2712
1209 1401
2772 981
2772 2265
2775 1854
2775 0
2490 1032
1248 0
2778 1263
2778 1851
2781 1335
2781 906
2475 2763
2211 2781
2784 2751
2784 921
1071 2193
873 2256
1722 909
1251 2784
1641 2784
2787 1608
2787 1005
1476 1047
171 957
2790 1944
2790 2103
1587 2763
390 1479
2079 933
2793 714
2793 2097
102 2373
96 1152
2409 1539
1602 1821
918 1131
1020 1755
1497 2253
1797 1647
1101 1434
1656 2202
636 2793
2502 1611
1680 2280
711 2793
2007 873
1767 2136
1095 669
1167 0
1926 2391
1221 1017
660 2793
1260 2172
825 1950
2409 975
2739 861
2796 1206
2796 1074
1803 1695
2106 804
1869 2796
2799 1878
2799 1836
2799 2661
2799 2670
2802 867
2802 1032
888 2802
945 2802
1533 1200
2226 1008
2805 876
2805 2781
714 2757
2808 2214
2808 1821
315 2808
1185 2808
2532 2808
2133 1440
2052 729
546 2667
804 1869
2808 786
2061 1068
999 1059
153 2808
141 0
2811 1320
2811 1923
2814 675
2814 705
2817 1572
2817 2712
867 948
1542 2235
1794 2817
1065 981
1962 2655
2055 2817
2820 792
2820 1533
2823 825
2823 2601
2826 765
2826 1644
1533 1299
2826 1680
282 2442
1629 2826
2829 1095
2553 2277
1755 855
798 2118
816 2829
456 1611
1758 1680
2499 2829
0 1227
675 1104
936 2235
804 2052
2832 1728
2832 2532
1623 2832
1896 1203
1413 2832
975 882
2835 714
2187 1893
762 2835
840 1959
1980 2091
1119 2835
2559 1101
0 2268
1386 1512
1182 1089
957 1113
114 2835
2838 2256
2838 2418
741 2817
2628 2838
2841 1173
2841 744
2601 2169
2205 2841
234 738
345 1851
765 1947
2844 1776
2844 2592
2685 735
2250 2844
2847 2463
2847 1725
1011 1326
495 2577
786 972
1182 1614
1059 2376
2850 1287
2850 1647
2853 1935
2853 1899
813 798
1047 840
1452 2328
2856 1599
2856 1671
2859 1329
2859 1581
1863 1740
1725 2118
2046 747
1641 2670
486 2454
2241 2859
924 1650
1626 2859
1464 1893
1191 2805
297 822
810 1323
2646 1113
777 2859
1905 2859
1893 951
2862 1920
2862 0
2865 0
2865 2778
699 1632
717 2676
1710 1506
42 2241
2868 2313
2868 1263
2871 2226
2871 1152
501 2871
2145 690
2871 1668
738 2871
1395 981
1701 747
966 1053
1971 2871
1719 2871
2874 1233
2874 2535
1851 723
2157 1953
2877 2145
2877 2673
1704 1248
2022 2550
2880 813
2880 1605
1035 1629
888 822
2292 1863
1410 1566
2880 1314
2586 2310
1923 864
2055 1677
2883 1725
2883 1551
2886 1485
2886 1017
984 1062
1011 2886
2178 2886
1479 1224
2889 1431
2889 1596
2793 1482
2046 1794
927 1479
702 1026
2529 2646
810 2889
984 2142
2892 2445
2892 861
2895 1950
2895 0
2265 0
1500 0
2898 1269
2898 2400
1125 2898
2274 702
2901 1653
2901 1497
2376 2901
1479 2901
729 1635
2901 2832
1512 1125
492 2901
291 2214
762 972
1596 756
2904 972
2385 1287
609 2904
2907 2661
2907 1428
2910 762
2910 1875
1578 2910
1200 1848
2352 1092
2478 927
672 2013
2535 2910
1431 2427
1983 1017
1938 903
1554 936
2910 2652
1821 1395
1470 957
1656 1791
2913 2733
2913 2508
180 2913
252 1878
765 1191
522 1359
2568 2913
2439 798
333 1524
1122 1047
2484 2283
507 1830
2916 972
2040 954
906 783
1017 1479
1125 2187
1713 918
1272 1194
1836 2871
2742 0
1716 1428
2340 1962
2919 1629
2919 729
993 2034
1083 1494
2922 2286
2922 2517
2442 1845
894 711
2922 1032
1461 2268
1578 888
2328 1113
387 1671
2682 1032
1347 888
2922 1047
2154 789
2724 2922
2220 2922
831 747
1293 1173
1218 2901
594 2013
1086 993
2925 1149
2925 714
1293 2382
1128 1383
2367 2898
1596 2925
1806 987
2241 1731
468 0
801 1347
879 2925
1821 2925
1212 0
1377 1458
885 912
1494 1950
2274 2418
2640 756
1506 2709
1920 1257
1065 2925
2055 1461
2925 858
933 1497
825 2916
2013 942
381 741
849 1314
2436 1968
2316 2850
342 1329
936 1740
444 2220
2928 1263
2928 900
2931 1050
2931 2727
435 2931
999 2547
1794 792
2715 1881
1803 1323
897 1395
837 2298
705 1101
2700 2814
480 855
2643 2931
1917 2931
2934 2640
2934 1623
2220 2934
2937 1479
2937 840
1857 2256
435 2577
2841 1980
828 1644
228 2937
789 2874
99 2757
2334 1386
2118 2010
96 1281
2418 969
2361 1260
327 2370
1542 0
1182 2643
2526 2553
1761 2046
69 1950
2940 1728
2940 2007
1671 723
2916 1128
2943 2442
2943 1257
2046 714
1281 2265
1731 0
2235 2532
2250 888
1965 0
2946 807
2946 870
2949 906
2949 807
1308 861
2196 1305
2037 2949
1323 2949
2952 2742
2952 1206
2955 1473
2955 1788
0 2955
1260 2955
2343 2229
2076 2097
1785 1689
2271 810
0 2616
2898 2205
1545 2004
1467 888
2904 2955
582 2367
1038 2955
1923 1158
837 2829
288 1761
2577 0
2538 2274
480 2784
1452 1644
2958 1647
2958 816
789 2250
2292 2922
2520 798
1884 2958
2961 2919
2961 1383
2964 804
2964 1104
441 1026
1017 1242
1953 750
1149 2964
1455 2964
2964 0
1728 1803
2544 1704
1863 2964
1401 2808
2454 2325
1872 2964
2967 774
2331 951
1797 1131
2970 2031
2970 0
1020 2970
2097 2274
2967 2670
2277 858
2097 2877
1254 2970
2973 1626
2973 1971
2112 846
2667 2568
2976 1845
2976 756
2979 2823
2979 2331
2982 1686
2982 1296
1176 0
882 0
2985 1962
2985 852
2508 711
1047 2682
2988 798
2988 0
1797 2988
0 2136
1485 2988
1650 960
1758 1308
2187 2586
2991 822
2991 957
2433 1161
2754 1878
1977 1401
2220 0
2715 1788
1812 1140
2205 2991
1773 1236
2307 1362
387 1311
2262 2463
1152 1452
2994 1644
2994 741
2997 2121
2997 1272
2832 1344
2313 2421
1128 975
1557 1659
1215 921
624 2997
2289 2892
2502 825
939 0
2160 1740
2325 1911
1956 1452
120 1044
1893 2997
1584 2946
1479 1236
2997 771
1461 1962
2730 1020