0 6
18 0
12 0
24 0
27 0
0 21
30 27
0 30
36 27
42 0
39 0
42 30
27 33
54 0
60 42
66 30
48 66
48 0
51 0
27 66
45 42
75 60
78 48
81 78
81 63
57 60
81 0
81 42
72 63
84 51
90 42
66 84
48 33
99 36
51 99
45 57
51 69
102 60
102 42
42 78
105 42
108 99
90 84
42 84
69 42
54 78
45 81
9 51
42 111
114 57
102 105
75 111
42 48
81 39
81 48
87 0
81 51
42 75
117 60
123 42
123 57
132 60
66 99
72 45
105 0
144 60
75 144
144 45
147 57
87 147
114 102
0 108
126 147
120 63
51 135
42 66
81 84
75 102
0 138
78 57
147 105
72 60
132 69
111 147
60 147
87 102
150 144
150 57
129 0
117 114
153 141
153 75
63 153
105 93
156 114
108 123
135 126
54 102
48 102
99 93
105 75
141 159
165 114
96 99
96 66
156 111
165 75
99 105
168 153
54 81
120 105
66 105
0 96
171 60
171 105
150 123
165 0
147 75
84 150
105 126
159 75
171 111
0 171
72 66
141 102
66 120
126 84
36 96
75 126
87 99
75 78
114 99
99 126
174 117
177 72
12 72
180 144
18 66
183 84
120 183
147 81
99 135
78 183
153 114
123 66
66 150
162 105
153 183
63 183
150 165
186 147
186 78
93 78
12 99
192 0
177 111
39 111
195 102
99 84
150 195
78 150
0 93
36 165
150 87
198 165
198 126
201 0
201 147
180 78
192 99
111 174
72 153
24 201
105 84
111 201
105 90
126 114
99 81
201 198
204 195
102 150
84 102
168 75
24 153
27 204
129 81
96 198
111 123
207 102
72 111
210 78
213 0
216 174
162 93
0 84
93 216
132 81
201 162
219 174
141 219
162 111
147 219
114 105
222 201
222 111
225 189
225 99
135 78
189 123
198 183
222 0
198 225
111 105
228 87
228 150
24 165
159 93
0 75
0 78
231 183
231 174
129 99
231 162
198 156
126 177
198 219
183 0
69 231
171 78
219 105
147 222
234 144
234 183
180 111
96 171
48 147
90 93
156 132
180 81
237 0
237 84
138 174
27 219
42 147
111 84
153 102
243 81
186 102
93 174
102 243
129 96
216 147
111 216
51 216
39 147
54 93
51 108
9 243
180 147
249 219
249 111
204 0
126 165
252 90
252 192
123 252
210 177
255 213
255 210
183 159
204 132
126 117
228 126
0 255
258 144
63 111
72 123
255 111
63 258
258 159
84 243
195 183
225 183
261 84
261 219
165 261
165 93
204 174
102 129
162 261
264 114
264 0
9 264
57 90
270 147
270 132
267 144
108 249
273 132
273 0
72 120
93 171
273 198
276 108
279 132
279 276
96 102
81 225
177 0
33 126
51 279
6 177
216 84
15 93
267 90
282 93
282 231
90 183
282 132
156 90
111 0
63 282
204 102
108 282
114 0
45 177
90 279
258 108
153 126
99 282
246 0
168 117
174 141
207 105
285 261
285 0
12 228
195 0
285 108
285 156
21 153
168 0
30 90
279 150
219 132
246 165
285 123
168 180
288 111
288 126
222 288
33 0
192 288
243 288
69 114
45 123
225 195
108 288
291 180
291 216
216 285
294 252
294 144
297 183
297 117
216 204
276 93
183 285
57 258
